80002
80003
80004
80005
80007
80010
80011
80012
80013
80014
80015
80016
80017
80018
80019
80020
80021
80022
80023
80026
80027
80030
80031
80033
80045
80102
80103
80104
80105
80106
80107
80108
80109
80110
80111
80112
80113
80116
80117
80118
80120
80121
80122
80123
80124
80125
80126
80127
80128
80129
80130
80131
80132
80133
80134
80135
80136
80137
80138
80202
80203
80204
80205
80206
80207
80209
80210
80211
80212
80213
80214
80215
80216
80218
80219
80220
80221
80222
80223
80224
80225
80226
80227
80228
80229
80230
80231
80232
80233
80234
80235
80236
80237
80238
80239
80241
80246
80247
80249
80260
80301
80302
80303
80304
80305
80401
80403
80433
80439
80452
80454
80457
80465
80501
80502
80503
80504
80513
80514
80516
80520
80521
80522
80523
80524
80525
80526
80528
80530
80534
80537
80538
80539
80540
80542
80543
80546
80547
80549
80550
80601
80602
80603
80615
80620
80621
80622
80623
80631
80632
80634
80638
80639
80640
80642
80643
80645
80651
80808
80817
80829
80831
80901
80902
80903
80904
80905
80906
80907
80908
80909
80910
80911
80913
80915
80916
80917
80918
80919
80920
80921
80922
80923
80924
80925
80926
80927
80928
80929
80930
80938
80939
80951
